1 10 20
100 200 125
201 210 89
900 1000 174
1 2 2
500000 999999 525
41 90 116
4 99 119
42 87 116
42 45 30
69 85 116
31 91 116
98 100 26
10 41 112
40 89 116
80 89 111
51 54 113
25 88 116
4 53 112
5 46 112
78 86 111
55 80 116
99 100 26
78 88 111
39 79 116
62 85 116
652 899 179
841 874 179
994 996 50
512 825 171
883 940 174
994 999 50
997 1000 112
975 995 143
926 927 130
990 1000 112
311 426 144
519 633 137
537 819 171
810 889 179
409 732 171
921 949 174
261 751 171
901 999 174
870 952 179
942 996 143
618265 909946 525
154046 395005 443
822390 883994 525
462324 843283 525
251433 613403 470
589479 955723 525
93067 251749 443
257513 590248 470
930492 947553 507
341847 749066 509
624555 812951 509
282301 454136 449
618030 647179 509
80838 372704 443
757368 773642 468
327591 373099 441
39311 763648 509
540263 579185 452
978268 998735 440
883426 963855 507
10 1 20
200 100 125
210 201 89
1000 900 174
2 1 2
999999 500000 525
90 41 116
99 4 119
87 42 116
45 42 30
85 69 116
91 31 116
100 98 26
41 10 112
89 40 116
89 80 111
54 51 113
88 25 116
53 4 112
46 5 112
86 78 111
80 55 116
100 99 26
88 78 111
79 39 116
85 62 116
899 652 179
874 841 179
996 994 50
825 512 171
940 883 174
999 994 50
1000 997 112
995 975 143
927 926 130
